1111111111111111111111111111
1000000000000110000000000001
1011110111110110111110111101
1211110111110110111110111121
1011110111110110111110111101
1000000000000000000000000001
1011110110111111110110111101
1011110110111111110110111101
1000000110000110000110000001
1111110111110110111110111111
1111110111110110111110111111
1111110110000000000110111111
1111110110111ww1110110111111
1111110110111--1110110111111
000000000011abcd110000000000
1111110110111111110110111111
1111110110111111110110111111
1111110110000000000110111111
1111110110111111110110111111
1111110110111111110110111111
1000000000000110000000000001
1011110111110110111110111101
1011110111110110111110111101
1200110000000000000000110021
1110110110111111110110110111
1110110110111111110110110111
1000000110000110000110000001
1011111111110110111111111101
1011111111110110111111111101
1000000000000000000000000001
1111111111111111111111111111